9.817477042468103487e-02
1.963495408493620697e-01
2.945243112740431046e-01
3.926990816987241395e-01
4.908738521234051744e-01
5.890486225480862092e-01
6.872233929727672441e-01
7.853981633974482790e-01
8.835729338221293139e-01
9.817477042468103487e-01
1.079922474671491273e+00
1.178097245096172418e+00
1.276272015520853564e+00
1.374446785945534710e+00
1.472621556370215856e+00
1.570796326794897002e+00
1.668971097219578148e+00
1.767145867644259294e+00
1.865320638068940440e+00
1.963495408493621586e+00
2.061670178918302732e+00
2.159844949342983877e+00
2.258019719767665023e+00
2.356194490192346169e+00
2.454369260617027315e+00
2.552544031041708461e+00
2.650718801466389607e+00
2.748893571891070753e+00
2.847068342315751899e+00
2.945243112740433045e+00
3.043417883165114191e+00
3.141592653589795336e+00
3.239767424014476482e+00
3.337942194439157628e+00
3.436116964863838774e+00
3.534291735288519920e+00
3.632466505713201066e+00
3.730641276137882212e+00
3.828816046562563358e+00
3.926990816987244504e+00
4.025165587411925650e+00
4.123340357836606351e+00
4.221515128261287053e+00
4.319689898685967755e+00
4.417864669110648457e+00
4.516039439535329159e+00
4.614214209960009860e+00
4.712388980384690562e+00
4.810563750809371264e+00
4.908738521234051966e+00
5.006913291658732668e+00
5.105088062083413369e+00
5.203262832508094071e+00
5.301437602932774773e+00
5.399612373357455475e+00
5.497787143782136177e+00
5.595961914206816878e+00
5.694136684631497580e+00
5.792311455056178282e+00
5.890486225480858984e+00
5.988660995905539686e+00
6.086835766330220387e+00
6.185010536754901089e+00
6.283185307179581791e+00
9.817477042468103487e-02
1.963495408493620697e-01
2.945243112740431046e-01
3.926990816987241395e-01
4.908738521234051744e-01
5.890486225480862092e-01
6.872233929727672441e-01
7.853981633974482790e-01
8.835729338221293139e-01
9.817477042468103487e-01
1.079922474671491273e+00
1.178097245096172418e+00
1.276272015520853564e+00
1.374446785945534710e+00
1.472621556370215856e+00
1.570796326794897002e+00
1.668971097219578148e+00
1.767145867644259294e+00
1.865320638068940440e+00
1.963495408493621586e+00
2.061670178918302732e+00
2.159844949342983877e+00
2.258019719767665023e+00
2.356194490192346169e+00
2.454369260617027315e+00
2.552544031041708461e+00
2.650718801466389607e+00
2.748893571891070753e+00
2.847068342315751899e+00
2.945243112740433045e+00
3.043417883165114191e+00
3.141592653589795336e+00
3.239767424014476482e+00
3.337942194439157628e+00
3.436116964863838774e+00
3.534291735288519920e+00
3.632466505713201066e+00
3.730641276137882212e+00
3.828816046562563358e+00
3.926990816987244504e+00
4.025165587411925650e+00
4.123340357836606351e+00
4.221515128261287053e+00
4.319689898685967755e+00
4.417864669110648457e+00
4.516039439535329159e+00
4.614214209960009860e+00
4.712388980384690562e+00
4.810563750809371264e+00
4.908738521234051966e+00
5.006913291658732668e+00
5.105088062083413369e+00
5.203262832508094071e+00
5.301437602932774773e+00
5.399612373357455475e+00
5.497787143782136177e+00
5.595961914206816878e+00
5.694136684631497580e+00
5.792311455056178282e+00
5.890486225480858984e+00
5.988660995905539686e+00
6.086835766330220387e+00
6.185010536754901089e+00
6.283185307179581791e+00
9.817477042468103487e-02
1.963495408493620697e-01
2.945243112740431046e-01
3.926990816987241395e-01
4.908738521234051744e-01
5.890486225480862092e-01
6.872233929727672441e-01
7.853981633974482790e-01
8.835729338221293139e-01
9.817477042468103487e-01
1.079922474671491273e+00
1.178097245096172418e+00
1.276272015520853564e+00
1.374446785945534710e+00
1.472621556370215856e+00
1.570796326794897002e+00
1.668971097219578148e+00
1.767145867644259294e+00
1.865320638068940440e+00
1.963495408493621586e+00
2.061670178918302732e+00
2.159844949342983877e+00
2.258019719767665023e+00
2.356194490192346169e+00
2.454369260617027315e+00
2.552544031041708461e+00
2.650718801466389607e+00
2.748893571891070753e+00
2.847068342315751899e+00
2.945243112740433045e+00
3.043417883165114191e+00
3.141592653589795336e+00
3.239767424014476482e+00
3.337942194439157628e+00
3.436116964863838774e+00
3.534291735288519920e+00
3.632466505713201066e+00
3.730641276137882212e+00
3.828816046562563358e+00
3.926990816987244504e+00
4.025165587411925650e+00
4.123340357836606351e+00
4.221515128261287053e+00
4.319689898685967755e+00
4.417864669110648457e+00
4.516039439535329159e+00
4.614214209960009860e+00
4.712388980384690562e+00
4.810563750809371264e+00
4.908738521234051966e+00
5.006913291658732668e+00
5.105088062083413369e+00
5.203262832508094071e+00
5.301437602932774773e+00
5.399612373357455475e+00
5.497787143782136177e+00
5.595961914206816878e+00
5.694136684631497580e+00
5.792311455056178282e+00
5.890486225480858984e+00
5.988660995905539686e+00
6.086835766330220387e+00
6.185010536754901089e+00
6.283185307179581791e+00
9.817477042468103487e-02
1.963495408493620697e-01
2.945243112740431046e-01
3.926990816987241395e-01
4.908738521234051744e-01
5.890486225480862092e-01
6.872233929727672441e-01
7.853981633974482790e-01
8.835729338221293139e-01
9.817477042468103487e-01
1.079922474671491273e+00
1.178097245096172418e+00
1.276272015520853564e+00
1.374446785945534710e+00
1.472621556370215856e+00
1.570796326794897002e+00
1.668971097219578148e+00
1.767145867644259294e+00
1.865320638068940440e+00
1.963495408493621586e+00
2.061670178918302732e+00
2.159844949342983877e+00
2.258019719767665023e+00
2.356194490192346169e+00
2.454369260617027315e+00
2.552544031041708461e+00
2.650718801466389607e+00
2.748893571891070753e+00
2.847068342315751899e+00
2.945243112740433045e+00
3.043417883165114191e+00
3.141592653589795336e+00
3.239767424014476482e+00
3.337942194439157628e+00
3.436116964863838774e+00
3.534291735288519920e+00
3.632466505713201066e+00
3.730641276137882212e+00
3.828816046562563358e+00
3.926990816987244504e+00
4.025165587411925650e+00
4.123340357836606351e+00
4.221515128261287053e+00
4.319689898685967755e+00
4.417864669110648457e+00
4.516039439535329159e+00
4.614214209960009860e+00
4.712388980384690562e+00
4.810563750809371264e+00
4.908738521234051966e+00
5.006913291658732668e+00
5.105088062083413369e+00
5.203262832508094071e+00
5.301437602932774773e+00
5.399612373357455475e+00
5.497787143782136177e+00
5.595961914206816878e+00
5.694136684631497580e+00
5.792311455056178282e+00
5.890486225480858984e+00
5.988660995905539686e+00
6.086835766330220387e+00
6.185010536754901089e+00
6.283185307179581791e+00
9.817477042468103487e-02
1.963495408493620697e-01
2.945243112740431046e-01
3.926990816987241395e-01
4.908738521234051744e-01
5.890486225480862092e-01
6.872233929727672441e-01
7.853981633974482790e-01
8.835729338221293139e-01
9.817477042468103487e-01
1.079922474671491273e+00
1.178097245096172418e+00
1.276272015520853564e+00
1.374446785945534710e+00
1.472621556370215856e+00
1.570796326794897002e+00
1.668971097219578148e+00
1.767145867644259294e+00
1.865320638068940440e+00
1.963495408493621586e+00
2.061670178918302732e+00
2.159844949342983877e+00
2.258019719767665023e+00
2.356194490192346169e+00
2.454369260617027315e+00
2.552544031041708461e+00
2.650718801466389607e+00
2.748893571891070753e+00
2.847068342315751899e+00
2.945243112740433045e+00
3.043417883165114191e+00
3.141592653589795336e+00
3.239767424014476482e+00
3.337942194439157628e+00
3.436116964863838774e+00
3.534291735288519920e+00
3.632466505713201066e+00
3.730641276137882212e+00
3.828816046562563358e+00
3.926990816987244504e+00
4.025165587411925650e+00
4.123340357836606351e+00
4.221515128261287053e+00
4.319689898685967755e+00
4.417864669110648457e+00
4.516039439535329159e+00
4.614214209960009860e+00
4.712388980384690562e+00
4.810563750809371264e+00
4.908738521234051966e+00
5.006913291658732668e+00
5.105088062083413369e+00
5.203262832508094071e+00
5.301437602932774773e+00
5.399612373357455475e+00
5.497787143782136177e+00
5.595961914206816878e+00
5.694136684631497580e+00
5.792311455056178282e+00
5.890486225480858984e+00
5.988660995905539686e+00
6.086835766330220387e+00
6.185010536754901089e+00
6.283185307179581791e+00
9.817477042468103487e-02
1.963495408493620697e-01
2.945243112740431046e-01
3.926990816987241395e-01
4.908738521234051744e-01
5.890486225480862092e-01
6.872233929727672441e-01
7.853981633974482790e-01
8.835729338221293139e-01
9.817477042468103487e-01
1.079922474671491273e+00
1.178097245096172418e+00
1.276272015520853564e+00
1.374446785945534710e+00
1.472621556370215856e+00
1.570796326794897002e+00
1.668971097219578148e+00
1.767145867644259294e+00
1.865320638068940440e+00
1.963495408493621586e+00
2.061670178918302732e+00
2.159844949342983877e+00
2.258019719767665023e+00
2.356194490192346169e+00
2.454369260617027315e+00
2.552544031041708461e+00
2.650718801466389607e+00
2.748893571891070753e+00
2.847068342315751899e+00
2.945243112740433045e+00
3.043417883165114191e+00
3.141592653589795336e+00
3.239767424014476482e+00
3.337942194439157628e+00
3.436116964863838774e+00
3.534291735288519920e+00
3.632466505713201066e+00
3.730641276137882212e+00
3.828816046562563358e+00
3.926990816987244504e+00
4.025165587411925650e+00
4.123340357836606351e+00
4.221515128261287053e+00
4.319689898685967755e+00
4.417864669110648457e+00
4.516039439535329159e+00
4.614214209960009860e+00
4.712388980384690562e+00
4.810563750809371264e+00
4.908738521234051966e+00
5.006913291658732668e+00
5.105088062083413369e+00
5.203262832508094071e+00
5.301437602932774773e+00
5.399612373357455475e+00
5.497787143782136177e+00
5.595961914206816878e+00
5.694136684631497580e+00
5.792311455056178282e+00
5.890486225480858984e+00
5.988660995905539686e+00
6.086835766330220387e+00
6.185010536754901089e+00
6.283185307179581791e+00
9.817477042468103487e-02
1.963495408493620697e-01
2.945243112740431046e-01
3.926990816987241395e-01
4.908738521234051744e-01
5.890486225480862092e-01
6.872233929727672441e-01
7.853981633974482790e-01
8.835729338221293139e-01
9.817477042468103487e-01
1.079922474671491273e+00
1.178097245096172418e+00
1.276272015520853564e+00
1.374446785945534710e+00
1.472621556370215856e+00
1.570796326794897002e+00
1.668971097219578148e+00
1.767145867644259294e+00
1.865320638068940440e+00
1.963495408493621586e+00
2.061670178918302732e+00
2.159844949342983877e+00
2.258019719767665023e+00
2.356194490192346169e+00
2.454369260617027315e+00
2.552544031041708461e+00
2.650718801466389607e+00
2.748893571891070753e+00
2.847068342315751899e+00
2.945243112740433045e+00
3.043417883165114191e+00
3.141592653589795336e+00
3.239767424014476482e+00
3.337942194439157628e+00
3.436116964863838774e+00
3.534291735288519920e+00
3.632466505713201066e+00
3.730641276137882212e+00
3.828816046562563358e+00
3.926990816987244504e+00
4.025165587411925650e+00
4.123340357836606351e+00
4.221515128261287053e+00
4.319689898685967755e+00
4.417864669110648457e+00
4.516039439535329159e+00
4.614214209960009860e+00
4.712388980384690562e+00
4.810563750809371264e+00
4.908738521234051966e+00
5.006913291658732668e+00
5.105088062083413369e+00
5.203262832508094071e+00
5.301437602932774773e+00
5.399612373357455475e+00
5.497787143782136177e+00
5.595961914206816878e+00
5.694136684631497580e+00
5.792311455056178282e+00
5.890486225480858984e+00
5.988660995905539686e+00
6.086835766330220387e+00
6.185010536754901089e+00
6.283185307179581791e+00
9.817477042468103487e-02
1.963495408493620697e-01
2.945243112740431046e-01
3.926990816987241395e-01
4.908738521234051744e-01
5.890486225480862092e-01
6.872233929727672441e-01
7.853981633974482790e-01
8.835729338221293139e-01
9.817477042468103487e-01
1.079922474671491273e+00
1.178097245096172418e+00
1.276272015520853564e+00
1.374446785945534710e+00
1.472621556370215856e+00
1.570796326794897002e+00
1.668971097219578148e+00
1.767145867644259294e+00
1.865320638068940440e+00
1.963495408493621586e+00
2.061670178918302732e+00
2.159844949342983877e+00
2.258019719767665023e+00
2.356194490192346169e+00
2.454369260617027315e+00
2.552544031041708461e+00
2.650718801466389607e+00
2.748893571891070753e+00
2.847068342315751899e+00
2.945243112740433045e+00
3.043417883165114191e+00
3.141592653589795336e+00
3.239767424014476482e+00
3.337942194439157628e+00
3.436116964863838774e+00
3.534291735288519920e+00
3.632466505713201066e+00
3.730641276137882212e+00
3.828816046562563358e+00
3.926990816987244504e+00
4.025165587411925650e+00
4.123340357836606351e+00
4.221515128261287053e+00
4.319689898685967755e+00
4.417864669110648457e+00
4.516039439535329159e+00
4.614214209960009860e+00
4.712388980384690562e+00
4.810563750809371264e+00
4.908738521234051966e+00
5.006913291658732668e+00
5.105088062083413369e+00
5.203262832508094071e+00
5.301437602932774773e+00
5.399612373357455475e+00
5.497787143782136177e+00
5.595961914206816878e+00
5.694136684631497580e+00
5.792311455056178282e+00
5.890486225480858984e+00
5.988660995905539686e+00
6.086835766330220387e+00
6.185010536754901089e+00
6.283185307179581791e+00
9.817477042468103487e-02
1.963495408493620697e-01
2.945243112740431046e-01
3.926990816987241395e-01
4.908738521234051744e-01
5.890486225480862092e-01
6.872233929727672441e-01
7.853981633974482790e-01
8.835729338221293139e-01
9.817477042468103487e-01
1.079922474671491273e+00
1.178097245096172418e+00
1.276272015520853564e+00
1.374446785945534710e+00
1.472621556370215856e+00
1.570796326794897002e+00
1.668971097219578148e+00
1.767145867644259294e+00
1.865320638068940440e+00
1.963495408493621586e+00
2.061670178918302732e+00
2.159844949342983877e+00
2.258019719767665023e+00
2.356194490192346169e+00
2.454369260617027315e+00
2.552544031041708461e+00
2.650718801466389607e+00
2.748893571891070753e+00
2.847068342315751899e+00
2.945243112740433045e+00
3.043417883165114191e+00
3.141592653589795336e+00
3.239767424014476482e+00
3.337942194439157628e+00
3.436116964863838774e+00
3.534291735288519920e+00
3.632466505713201066e+00
3.730641276137882212e+00
3.828816046562563358e+00
3.926990816987244504e+00
4.025165587411925650e+00
4.123340357836606351e+00
4.221515128261287053e+00
4.319689898685967755e+00
4.417864669110648457e+00
4.516039439535329159e+00
4.614214209960009860e+00
4.712388980384690562e+00
4.810563750809371264e+00
4.908738521234051966e+00
5.006913291658732668e+00
5.105088062083413369e+00
5.203262832508094071e+00
5.301437602932774773e+00
5.399612373357455475e+00
5.497787143782136177e+00
5.595961914206816878e+00
5.694136684631497580e+00
5.792311455056178282e+00
5.890486225480858984e+00
5.988660995905539686e+00
6.086835766330220387e+00
6.185010536754901089e+00
6.283185307179581791e+00
9.817477042468103487e-02
1.963495408493620697e-01
2.945243112740431046e-01
3.926990816987241395e-01
4.908738521234051744e-01
5.890486225480862092e-01
6.872233929727672441e-01
7.853981633974482790e-01
8.835729338221293139e-01
9.817477042468103487e-01
1.079922474671491273e+00
1.178097245096172418e+00
1.276272015520853564e+00
1.374446785945534710e+00
1.472621556370215856e+00
1.570796326794897002e+00
1.668971097219578148e+00
1.767145867644259294e+00
1.865320638068940440e+00
1.963495408493621586e+00
2.061670178918302732e+00
2.159844949342983877e+00
2.258019719767665023e+00
2.356194490192346169e+00
2.454369260617027315e+00
2.552544031041708461e+00
2.650718801466389607e+00
2.748893571891070753e+00
2.847068342315751899e+00
2.945243112740433045e+00
3.043417883165114191e+00
3.141592653589795336e+00
3.239767424014476482e+00
3.337942194439157628e+00
3.436116964863838774e+00
3.534291735288519920e+00
3.632466505713201066e+00
3.730641276137882212e+00
3.828816046562563358e+00
3.926990816987244504e+00
4.025165587411925650e+00
4.123340357836606351e+00
4.221515128261287053e+00
4.319689898685967755e+00
4.417864669110648457e+00
4.516039439535329159e+00
4.614214209960009860e+00
4.712388980384690562e+00
4.810563750809371264e+00
4.908738521234051966e+00
5.006913291658732668e+00
5.105088062083413369e+00
5.203262832508094071e+00
5.301437602932774773e+00
5.399612373357455475e+00
5.497787143782136177e+00
5.595961914206816878e+00
5.694136684631497580e+00
5.792311455056178282e+00
5.890486225480858984e+00
5.988660995905539686e+00
6.086835766330220387e+00
6.185010536754901089e+00
6.283185307179581791e+00
9.817477042468103487e-02
1.963495408493620697e-01
2.945243112740431046e-01
3.926990816987241395e-01
4.908738521234051744e-01
5.890486225480862092e-01
6.872233929727672441e-01
7.853981633974482790e-01
8.835729338221293139e-01
9.817477042468103487e-01
1.079922474671491273e+00
1.178097245096172418e+00
1.276272015520853564e+00
1.374446785945534710e+00
1.472621556370215856e+00
1.570796326794897002e+00
1.668971097219578148e+00
1.767145867644259294e+00
1.865320638068940440e+00
1.963495408493621586e+00
2.061670178918302732e+00
2.159844949342983877e+00
2.258019719767665023e+00
2.356194490192346169e+00
2.454369260617027315e+00
2.552544031041708461e+00
2.650718801466389607e+00
2.748893571891070753e+00
2.847068342315751899e+00
2.945243112740433045e+00
3.043417883165114191e+00
3.141592653589795336e+00
3.239767424014476482e+00
3.337942194439157628e+00
3.436116964863838774e+00
3.534291735288519920e+00
3.632466505713201066e+00
3.730641276137882212e+00
3.828816046562563358e+00
3.926990816987244504e+00
4.025165587411925650e+00
4.123340357836606351e+00
4.221515128261287053e+00
4.319689898685967755e+00
4.417864669110648457e+00
4.516039439535329159e+00
4.614214209960009860e+00
4.712388980384690562e+00
4.810563750809371264e+00
4.908738521234051966e+00
5.006913291658732668e+00
5.105088062083413369e+00
5.203262832508094071e+00
5.301437602932774773e+00
5.399612373357455475e+00
5.497787143782136177e+00
5.595961914206816878e+00
5.694136684631497580e+00
5.792311455056178282e+00
5.890486225480858984e+00
5.988660995905539686e+00
6.086835766330220387e+00
6.185010536754901089e+00
6.283185307179581791e+00
9.817477042468103487e-02
1.963495408493620697e-01
2.945243112740431046e-01
3.926990816987241395e-01
4.908738521234051744e-01
5.890486225480862092e-01
6.872233929727672441e-01
7.853981633974482790e-01
8.835729338221293139e-01
9.817477042468103487e-01
1.079922474671491273e+00
1.178097245096172418e+00
1.276272015520853564e+00
1.374446785945534710e+00
1.472621556370215856e+00
1.570796326794897002e+00
1.668971097219578148e+00
1.767145867644259294e+00
1.865320638068940440e+00
1.963495408493621586e+00
2.061670178918302732e+00
2.159844949342983877e+00
2.258019719767665023e+00
2.356194490192346169e+00
2.454369260617027315e+00
2.552544031041708461e+00
2.650718801466389607e+00
2.748893571891070753e+00
2.847068342315751899e+00
2.945243112740433045e+00
3.043417883165114191e+00
3.141592653589795336e+00
3.239767424014476482e+00
3.337942194439157628e+00
3.436116964863838774e+00
3.534291735288519920e+00
3.632466505713201066e+00
3.730641276137882212e+00
3.828816046562563358e+00
3.926990816987244504e+00
4.025165587411925650e+00
4.123340357836606351e+00
4.221515128261287053e+00
4.319689898685967755e+00
4.417864669110648457e+00
4.516039439535329159e+00
4.614214209960009860e+00
4.712388980384690562e+00
4.810563750809371264e+00
4.908738521234051966e+00
5.006913291658732668e+00
5.105088062083413369e+00
5.203262832508094071e+00
5.301437602932774773e+00
5.399612373357455475e+00
5.497787143782136177e+00
5.595961914206816878e+00
5.694136684631497580e+00
5.792311455056178282e+00
5.890486225480858984e+00
5.988660995905539686e+00
6.086835766330220387e+00
6.185010536754901089e+00
6.283185307179581791e+00
9.817477042468103487e-02
1.963495408493620697e-01
2.945243112740431046e-01
3.926990816987241395e-01
4.908738521234051744e-01
5.890486225480862092e-01
6.872233929727672441e-01
7.853981633974482790e-01
8.835729338221293139e-01
9.817477042468103487e-01
1.079922474671491273e+00
1.178097245096172418e+00
1.276272015520853564e+00
1.374446785945534710e+00
1.472621556370215856e+00
1.570796326794897002e+00
1.668971097219578148e+00
1.767145867644259294e+00
1.865320638068940440e+00
1.963495408493621586e+00
2.061670178918302732e+00
2.159844949342983877e+00
2.258019719767665023e+00
2.356194490192346169e+00
2.454369260617027315e+00
2.552544031041708461e+00
2.650718801466389607e+00
2.748893571891070753e+00
2.847068342315751899e+00
2.945243112740433045e+00
3.043417883165114191e+00
3.141592653589795336e+00
3.239767424014476482e+00
3.337942194439157628e+00
3.436116964863838774e+00
3.534291735288519920e+00
3.632466505713201066e+00
3.730641276137882212e+00
3.828816046562563358e+00
3.926990816987244504e+00
4.025165587411925650e+00
4.123340357836606351e+00
4.221515128261287053e+00
4.319689898685967755e+00
4.417864669110648457e+00
4.516039439535329159e+00
4.614214209960009860e+00
4.712388980384690562e+00
4.810563750809371264e+00
4.908738521234051966e+00
5.006913291658732668e+00
5.105088062083413369e+00
5.203262832508094071e+00
5.301437602932774773e+00
5.399612373357455475e+00
5.497787143782136177e+00
5.595961914206816878e+00
5.694136684631497580e+00
5.792311455056178282e+00
5.890486225480858984e+00
5.988660995905539686e+00
6.086835766330220387e+00
6.185010536754901089e+00
6.283185307179581791e+00
9.817477042468103487e-02
1.963495408493620697e-01
2.945243112740431046e-01
3.926990816987241395e-01
4.908738521234051744e-01
5.890486225480862092e-01
6.872233929727672441e-01
7.853981633974482790e-01
8.835729338221293139e-01
9.817477042468103487e-01
1.079922474671491273e+00
1.178097245096172418e+00
1.276272015520853564e+00
1.374446785945534710e+00
1.472621556370215856e+00
1.570796326794897002e+00
1.668971097219578148e+00
1.767145867644259294e+00
1.865320638068940440e+00
1.963495408493621586e+00
2.061670178918302732e+00
2.159844949342983877e+00
2.258019719767665023e+00
2.356194490192346169e+00
2.454369260617027315e+00
2.552544031041708461e+00
2.650718801466389607e+00
2.748893571891070753e+00
2.847068342315751899e+00
2.945243112740433045e+00
3.043417883165114191e+00
3.141592653589795336e+00
3.239767424014476482e+00
3.337942194439157628e+00
3.436116964863838774e+00
3.534291735288519920e+00
3.632466505713201066e+00
3.730641276137882212e+00
3.828816046562563358e+00
3.926990816987244504e+00
4.025165587411925650e+00
4.123340357836606351e+00
4.221515128261287053e+00
4.319689898685967755e+00
4.417864669110648457e+00
4.516039439535329159e+00
4.614214209960009860e+00
4.712388980384690562e+00
4.810563750809371264e+00
4.908738521234051966e+00
5.006913291658732668e+00
5.105088062083413369e+00
5.203262832508094071e+00
5.301437602932774773e+00
5.399612373357455475e+00
5.497787143782136177e+00
5.595961914206816878e+00
5.694136684631497580e+00
5.792311455056178282e+00
5.890486225480858984e+00
5.988660995905539686e+00
6.086835766330220387e+00
6.185010536754901089e+00
6.283185307179581791e+00
9.817477042468103487e-02
1.963495408493620697e-01
2.945243112740431046e-01
3.926990816987241395e-01
4.908738521234051744e-01
5.890486225480862092e-01
6.872233929727672441e-01
7.853981633974482790e-01
8.835729338221293139e-01
9.817477042468103487e-01
1.079922474671491273e+00
1.178097245096172418e+00
1.276272015520853564e+00
1.374446785945534710e+00
1.472621556370215856e+00
1.570796326794897002e+00
1.668971097219578148e+00
1.767145867644259294e+00
1.865320638068940440e+00
1.963495408493621586e+00
2.061670178918302732e+00
2.159844949342983877e+00
2.258019719767665023e+00
2.356194490192346169e+00
2.454369260617027315e+00
2.552544031041708461e+00
2.650718801466389607e+00
2.748893571891070753e+00
2.847068342315751899e+00
2.945243112740433045e+00
3.043417883165114191e+00
3.141592653589795336e+00
3.239767424014476482e+00
3.337942194439157628e+00
3.436116964863838774e+00
3.534291735288519920e+00
3.632466505713201066e+00
3.730641276137882212e+00
3.828816046562563358e+00
3.926990816987244504e+00
4.025165587411925650e+00
4.123340357836606351e+00
4.221515128261287053e+00
4.319689898685967755e+00
4.417864669110648457e+00
4.516039439535329159e+00
4.614214209960009860e+00
4.712388980384690562e+00
4.810563750809371264e+00
4.908738521234051966e+00
5.006913291658732668e+00
5.105088062083413369e+00
5.203262832508094071e+00
5.301437602932774773e+00
5.399612373357455475e+00
5.497787143782136177e+00
5.595961914206816878e+00
5.694136684631497580e+00
5.792311455056178282e+00
5.890486225480858984e+00
5.988660995905539686e+00
6.086835766330220387e+00
6.185010536754901089e+00
6.283185307179581791e+00
9.817477042468103487e-02
1.963495408493620697e-01
2.945243112740431046e-01
3.926990816987241395e-01
4.908738521234051744e-01
5.890486225480862092e-01
6.872233929727672441e-01
7.853981633974482790e-01
8.835729338221293139e-01
9.817477042468103487e-01
1.079922474671491273e+00
1.178097245096172418e+00
1.276272015520853564e+00
1.374446785945534710e+00
1.472621556370215856e+00
1.570796326794897002e+00
1.668971097219578148e+00
1.767145867644259294e+00
1.865320638068940440e+00
1.963495408493621586e+00
2.061670178918302732e+00
2.159844949342983877e+00
2.258019719767665023e+00
2.356194490192346169e+00
2.454369260617027315e+00
2.552544031041708461e+00
2.650718801466389607e+00
2.748893571891070753e+00
2.847068342315751899e+00
2.945243112740433045e+00
3.043417883165114191e+00
3.141592653589795336e+00
3.239767424014476482e+00
3.337942194439157628e+00
3.436116964863838774e+00
3.534291735288519920e+00
3.632466505713201066e+00
3.730641276137882212e+00
3.828816046562563358e+00
3.926990816987244504e+00
4.025165587411925650e+00
4.123340357836606351e+00
4.221515128261287053e+00
4.319689898685967755e+00
4.417864669110648457e+00
4.516039439535329159e+00
4.614214209960009860e+00
4.712388980384690562e+00
4.810563750809371264e+00
4.908738521234051966e+00
5.006913291658732668e+00
5.105088062083413369e+00
5.203262832508094071e+00
5.301437602932774773e+00
5.399612373357455475e+00
5.497787143782136177e+00
5.595961914206816878e+00
5.694136684631497580e+00
5.792311455056178282e+00
5.890486225480858984e+00
5.988660995905539686e+00
6.086835766330220387e+00
6.185010536754901089e+00
6.283185307179581791e+00
9.817477042468103487e-02
1.963495408493620697e-01
2.945243112740431046e-01
3.926990816987241395e-01
4.908738521234051744e-01
5.890486225480862092e-01
6.872233929727672441e-01
7.853981633974482790e-01
8.835729338221293139e-01
9.817477042468103487e-01
1.079922474671491273e+00
1.178097245096172418e+00
1.276272015520853564e+00
1.374446785945534710e+00
1.472621556370215856e+00
1.570796326794897002e+00
1.668971097219578148e+00
1.767145867644259294e+00
1.865320638068940440e+00
1.963495408493621586e+00
2.061670178918302732e+00
2.159844949342983877e+00
2.258019719767665023e+00
2.356194490192346169e+00
2.454369260617027315e+00
2.552544031041708461e+00
2.650718801466389607e+00
2.748893571891070753e+00
2.847068342315751899e+00
2.945243112740433045e+00
3.043417883165114191e+00
3.141592653589795336e+00
3.239767424014476482e+00
3.337942194439157628e+00
3.436116964863838774e+00
3.534291735288519920e+00
3.632466505713201066e+00
3.730641276137882212e+00
3.828816046562563358e+00
3.926990816987244504e+00
4.025165587411925650e+00
4.123340357836606351e+00
4.221515128261287053e+00
4.319689898685967755e+00
4.417864669110648457e+00
4.516039439535329159e+00
4.614214209960009860e+00
4.712388980384690562e+00
4.810563750809371264e+00
4.908738521234051966e+00
5.006913291658732668e+00
5.105088062083413369e+00
5.203262832508094071e+00
5.301437602932774773e+00
5.399612373357455475e+00
5.497787143782136177e+00
5.595961914206816878e+00
5.694136684631497580e+00
5.792311455056178282e+00
5.890486225480858984e+00
5.988660995905539686e+00
6.086835766330220387e+00
6.185010536754901089e+00
6.283185307179581791e+00
9.817477042468103487e-02
1.963495408493620697e-01
2.945243112740431046e-01
3.926990816987241395e-01
4.908738521234051744e-01
5.890486225480862092e-01
6.872233929727672441e-01
7.853981633974482790e-01
8.835729338221293139e-01
9.817477042468103487e-01
1.079922474671491273e+00
1.178097245096172418e+00
1.276272015520853564e+00
1.374446785945534710e+00
1.472621556370215856e+00
1.570796326794897002e+00
1.668971097219578148e+00
1.767145867644259294e+00
1.865320638068940440e+00
1.963495408493621586e+00
2.061670178918302732e+00
2.159844949342983877e+00
2.258019719767665023e+00
2.356194490192346169e+00
2.454369260617027315e+00
2.552544031041708461e+00
2.650718801466389607e+00
2.748893571891070753e+00
2.847068342315751899e+00
2.945243112740433045e+00
3.043417883165114191e+00
3.141592653589795336e+00
3.239767424014476482e+00
3.337942194439157628e+00
3.436116964863838774e+00
3.534291735288519920e+00
3.632466505713201066e+00
3.730641276137882212e+00
3.828816046562563358e+00
3.926990816987244504e+00
4.025165587411925650e+00
4.123340357836606351e+00
4.221515128261287053e+00
4.319689898685967755e+00
4.417864669110648457e+00
4.516039439535329159e+00
4.614214209960009860e+00
4.712388980384690562e+00
4.810563750809371264e+00
4.908738521234051966e+00
5.006913291658732668e+00
5.105088062083413369e+00
5.203262832508094071e+00
5.301437602932774773e+00
5.399612373357455475e+00
5.497787143782136177e+00
5.595961914206816878e+00
5.694136684631497580e+00
5.792311455056178282e+00
5.890486225480858984e+00
5.988660995905539686e+00
6.086835766330220387e+00
6.185010536754901089e+00
6.283185307179581791e+00
9.817477042468103487e-02
1.963495408493620697e-01
2.945243112740431046e-01
3.926990816987241395e-01
4.908738521234051744e-01
5.890486225480862092e-01
6.872233929727672441e-01
7.853981633974482790e-01
8.835729338221293139e-01
9.817477042468103487e-01
1.079922474671491273e+00
1.178097245096172418e+00
1.276272015520853564e+00
1.374446785945534710e+00
1.472621556370215856e+00
1.570796326794897002e+00
1.668971097219578148e+00
1.767145867644259294e+00
1.865320638068940440e+00
1.963495408493621586e+00
2.061670178918302732e+00
2.159844949342983877e+00
2.258019719767665023e+00
2.356194490192346169e+00
2.454369260617027315e+00
2.552544031041708461e+00
2.650718801466389607e+00
2.748893571891070753e+00
2.847068342315751899e+00
2.945243112740433045e+00
3.043417883165114191e+00
3.141592653589795336e+00
3.239767424014476482e+00
3.337942194439157628e+00
3.436116964863838774e+00
3.534291735288519920e+00
3.632466505713201066e+00
3.730641276137882212e+00
3.828816046562563358e+00
3.926990816987244504e+00
4.025165587411925650e+00
4.123340357836606351e+00
4.221515128261287053e+00
4.319689898685967755e+00
4.417864669110648457e+00
4.516039439535329159e+00
4.614214209960009860e+00
4.712388980384690562e+00
4.810563750809371264e+00
4.908738521234051966e+00
5.006913291658732668e+00
5.105088062083413369e+00
5.203262832508094071e+00
5.301437602932774773e+00
5.399612373357455475e+00
5.497787143782136177e+00
5.595961914206816878e+00
5.694136684631497580e+00
5.792311455056178282e+00
5.890486225480858984e+00
5.988660995905539686e+00
6.086835766330220387e+00
6.185010536754901089e+00
6.283185307179581791e+00
9.817477042468103487e-02
1.963495408493620697e-01
2.945243112740431046e-01
3.926990816987241395e-01
4.908738521234051744e-01
5.890486225480862092e-01
6.872233929727672441e-01
7.853981633974482790e-01
8.835729338221293139e-01
9.817477042468103487e-01
1.079922474671491273e+00
1.178097245096172418e+00
1.276272015520853564e+00
1.374446785945534710e+00
1.472621556370215856e+00
1.570796326794897002e+00
1.668971097219578148e+00
1.767145867644259294e+00
1.865320638068940440e+00
1.963495408493621586e+00
2.061670178918302732e+00
2.159844949342983877e+00
2.258019719767665023e+00
2.356194490192346169e+00
2.454369260617027315e+00
2.552544031041708461e+00
2.650718801466389607e+00
2.748893571891070753e+00
2.847068342315751899e+00
2.945243112740433045e+00
3.043417883165114191e+00
3.141592653589795336e+00
3.239767424014476482e+00
3.337942194439157628e+00
3.436116964863838774e+00
3.534291735288519920e+00
3.632466505713201066e+00
3.730641276137882212e+00
3.828816046562563358e+00
3.926990816987244504e+00
4.025165587411925650e+00
4.123340357836606351e+00
4.221515128261287053e+00
4.319689898685967755e+00
4.417864669110648457e+00
4.516039439535329159e+00
4.614214209960009860e+00
4.712388980384690562e+00
4.810563750809371264e+00
4.908738521234051966e+00
5.006913291658732668e+00
5.105088062083413369e+00
5.203262832508094071e+00
5.301437602932774773e+00
5.399612373357455475e+00
5.497787143782136177e+00
5.595961914206816878e+00
5.694136684631497580e+00
5.792311455056178282e+00
5.890486225480858984e+00
5.988660995905539686e+00
6.086835766330220387e+00
6.185010536754901089e+00
6.283185307179581791e+00
9.817477042468103487e-02
1.963495408493620697e-01
2.945243112740431046e-01
3.926990816987241395e-01
4.908738521234051744e-01
5.890486225480862092e-01
6.872233929727672441e-01
7.853981633974482790e-01
8.835729338221293139e-01
9.817477042468103487e-01
1.079922474671491273e+00
1.178097245096172418e+00
1.276272015520853564e+00
1.374446785945534710e+00
1.472621556370215856e+00
1.570796326794897002e+00
1.668971097219578148e+00
1.767145867644259294e+00
1.865320638068940440e+00
1.963495408493621586e+00
2.061670178918302732e+00
2.159844949342983877e+00
2.258019719767665023e+00
2.356194490192346169e+00
2.454369260617027315e+00
2.552544031041708461e+00
2.650718801466389607e+00
2.748893571891070753e+00
2.847068342315751899e+00
2.945243112740433045e+00
3.043417883165114191e+00
3.141592653589795336e+00
3.239767424014476482e+00
3.337942194439157628e+00
3.436116964863838774e+00
3.534291735288519920e+00
3.632466505713201066e+00
3.730641276137882212e+00
3.828816046562563358e+00
3.926990816987244504e+00
4.025165587411925650e+00
4.123340357836606351e+00
4.221515128261287053e+00
4.319689898685967755e+00
4.417864669110648457e+00
4.516039439535329159e+00
4.614214209960009860e+00
4.712388980384690562e+00
4.810563750809371264e+00
4.908738521234051966e+00
5.006913291658732668e+00
5.105088062083413369e+00
5.203262832508094071e+00
5.301437602932774773e+00
5.399612373357455475e+00
5.497787143782136177e+00
5.595961914206816878e+00
5.694136684631497580e+00
5.792311455056178282e+00
5.890486225480858984e+00
5.988660995905539686e+00
6.086835766330220387e+00
6.185010536754901089e+00
6.283185307179581791e+00
9.817477042468103487e-02
1.963495408493620697e-01
2.945243112740431046e-01
3.926990816987241395e-01
4.908738521234051744e-01
5.890486225480862092e-01
6.872233929727672441e-01
7.853981633974482790e-01
8.835729338221293139e-01
9.817477042468103487e-01
1.079922474671491273e+00
1.178097245096172418e+00
1.276272015520853564e+00
1.374446785945534710e+00
1.472621556370215856e+00
1.570796326794897002e+00
1.668971097219578148e+00
1.767145867644259294e+00
1.865320638068940440e+00
1.963495408493621586e+00
2.061670178918302732e+00
2.159844949342983877e+00
2.258019719767665023e+00
2.356194490192346169e+00
2.454369260617027315e+00
2.552544031041708461e+00
2.650718801466389607e+00
2.748893571891070753e+00
2.847068342315751899e+00
2.945243112740433045e+00
3.043417883165114191e+00
3.141592653589795336e+00
3.239767424014476482e+00
3.337942194439157628e+00
3.436116964863838774e+00
3.534291735288519920e+00
3.632466505713201066e+00
3.730641276137882212e+00
3.828816046562563358e+00
3.926990816987244504e+00
4.025165587411925650e+00
4.123340357836606351e+00
4.221515128261287053e+00
4.319689898685967755e+00
4.417864669110648457e+00
4.516039439535329159e+00
4.614214209960009860e+00
4.712388980384690562e+00
4.810563750809371264e+00
4.908738521234051966e+00
5.006913291658732668e+00
5.105088062083413369e+00
5.203262832508094071e+00
5.301437602932774773e+00
5.399612373357455475e+00
5.497787143782136177e+00
5.595961914206816878e+00
5.694136684631497580e+00
5.792311455056178282e+00
5.890486225480858984e+00
5.988660995905539686e+00
6.086835766330220387e+00
6.185010536754901089e+00
6.283185307179581791e+00
9.817477042468103487e-02
1.963495408493620697e-01
2.945243112740431046e-01
3.926990816987241395e-01
4.908738521234051744e-01
5.890486225480862092e-01
6.872233929727672441e-01
7.853981633974482790e-01
8.835729338221293139e-01
9.817477042468103487e-01
1.079922474671491273e+00
1.178097245096172418e+00
1.276272015520853564e+00
1.374446785945534710e+00
1.472621556370215856e+00
1.570796326794897002e+00
1.668971097219578148e+00
1.767145867644259294e+00
1.865320638068940440e+00
1.963495408493621586e+00
2.061670178918302732e+00
2.159844949342983877e+00
2.258019719767665023e+00
2.356194490192346169e+00
2.454369260617027315e+00
2.552544031041708461e+00
2.650718801466389607e+00
2.748893571891070753e+00
2.847068342315751899e+00
2.945243112740433045e+00
3.043417883165114191e+00
3.141592653589795336e+00
3.239767424014476482e+00
3.337942194439157628e+00
3.436116964863838774e+00
3.534291735288519920e+00
3.632466505713201066e+00
3.730641276137882212e+00
3.828816046562563358e+00
3.926990816987244504e+00
4.025165587411925650e+00
4.123340357836606351e+00
4.221515128261287053e+00
4.319689898685967755e+00
4.417864669110648457e+00
4.516039439535329159e+00
4.614214209960009860e+00
4.712388980384690562e+00
4.810563750809371264e+00
4.908738521234051966e+00
5.006913291658732668e+00
5.105088062083413369e+00
5.203262832508094071e+00
5.301437602932774773e+00
5.399612373357455475e+00
5.497787143782136177e+00
5.595961914206816878e+00
5.694136684631497580e+00
5.792311455056178282e+00
5.890486225480858984e+00
5.988660995905539686e+00
6.086835766330220387e+00
6.185010536754901089e+00
6.283185307179581791e+00
9.817477042468103487e-02
1.963495408493620697e-01
2.945243112740431046e-01
3.926990816987241395e-01
4.908738521234051744e-01
5.890486225480862092e-01
6.872233929727672441e-01
7.853981633974482790e-01
8.835729338221293139e-01
9.817477042468103487e-01
1.079922474671491273e+00
1.178097245096172418e+00
1.276272015520853564e+00
1.374446785945534710e+00
1.472621556370215856e+00
1.570796326794897002e+00
1.668971097219578148e+00
1.767145867644259294e+00
1.865320638068940440e+00
1.963495408493621586e+00
2.061670178918302732e+00
2.159844949342983877e+00
2.258019719767665023e+00
2.356194490192346169e+00
2.454369260617027315e+00
2.552544031041708461e+00
2.650718801466389607e+00
2.748893571891070753e+00
2.847068342315751899e+00
2.945243112740433045e+00
3.043417883165114191e+00
3.141592653589795336e+00
3.239767424014476482e+00
3.337942194439157628e+00
3.436116964863838774e+00
3.534291735288519920e+00
3.632466505713201066e+00
3.730641276137882212e+00
3.828816046562563358e+00
3.926990816987244504e+00
4.025165587411925650e+00
4.123340357836606351e+00
4.221515128261287053e+00
4.319689898685967755e+00
4.417864669110648457e+00
4.516039439535329159e+00
4.614214209960009860e+00
4.712388980384690562e+00
4.810563750809371264e+00
4.908738521234051966e+00
5.006913291658732668e+00
5.105088062083413369e+00
5.203262832508094071e+00
5.301437602932774773e+00
5.399612373357455475e+00
5.497787143782136177e+00
5.595961914206816878e+00
5.694136684631497580e+00
5.792311455056178282e+00
5.890486225480858984e+00
5.988660995905539686e+00
6.086835766330220387e+00
6.185010536754901089e+00
6.283185307179581791e+00
9.817477042468103487e-02
1.963495408493620697e-01
2.945243112740431046e-01
3.926990816987241395e-01
4.908738521234051744e-01
5.890486225480862092e-01
6.872233929727672441e-01
7.853981633974482790e-01
8.835729338221293139e-01
9.817477042468103487e-01
1.079922474671491273e+00
1.178097245096172418e+00
1.276272015520853564e+00
1.374446785945534710e+00
1.472621556370215856e+00
1.570796326794897002e+00
1.668971097219578148e+00
1.767145867644259294e+00
1.865320638068940440e+00
1.963495408493621586e+00
2.061670178918302732e+00
2.159844949342983877e+00
2.258019719767665023e+00
2.356194490192346169e+00
2.454369260617027315e+00
2.552544031041708461e+00
2.650718801466389607e+00
2.748893571891070753e+00
2.847068342315751899e+00
2.945243112740433045e+00
3.043417883165114191e+00
3.141592653589795336e+00
3.239767424014476482e+00
3.337942194439157628e+00
3.436116964863838774e+00
3.534291735288519920e+00
3.632466505713201066e+00
3.730641276137882212e+00
3.828816046562563358e+00
3.926990816987244504e+00
4.025165587411925650e+00
4.123340357836606351e+00
4.221515128261287053e+00
4.319689898685967755e+00
4.417864669110648457e+00
4.516039439535329159e+00
4.614214209960009860e+00
4.712388980384690562e+00
4.810563750809371264e+00
4.908738521234051966e+00
5.006913291658732668e+00
5.105088062083413369e+00
5.203262832508094071e+00
5.301437602932774773e+00
5.399612373357455475e+00
5.497787143782136177e+00
5.595961914206816878e+00
5.694136684631497580e+00
5.792311455056178282e+00
5.890486225480858984e+00
5.988660995905539686e+00
6.086835766330220387e+00
6.185010536754901089e+00
6.283185307179581791e+00
9.817477042468103487e-02
1.963495408493620697e-01
2.945243112740431046e-01
3.926990816987241395e-01
4.908738521234051744e-01
5.890486225480862092e-01
6.872233929727672441e-01
7.853981633974482790e-01
8.835729338221293139e-01
9.817477042468103487e-01
1.079922474671491273e+00
1.178097245096172418e+00
1.276272015520853564e+00
1.374446785945534710e+00
1.472621556370215856e+00
1.570796326794897002e+00
1.668971097219578148e+00
1.767145867644259294e+00
1.865320638068940440e+00
1.963495408493621586e+00
2.061670178918302732e+00
2.159844949342983877e+00
2.258019719767665023e+00
2.356194490192346169e+00
2.454369260617027315e+00
2.552544031041708461e+00
2.650718801466389607e+00
2.748893571891070753e+00
2.847068342315751899e+00
2.945243112740433045e+00
3.043417883165114191e+00
3.141592653589795336e+00
3.239767424014476482e+00
3.337942194439157628e+00
3.436116964863838774e+00
3.534291735288519920e+00
3.632466505713201066e+00
3.730641276137882212e+00
3.828816046562563358e+00
3.926990816987244504e+00
4.025165587411925650e+00
4.123340357836606351e+00
4.221515128261287053e+00
4.319689898685967755e+00
4.417864669110648457e+00
4.516039439535329159e+00
4.614214209960009860e+00
4.712388980384690562e+00
4.810563750809371264e+00
4.908738521234051966e+00
5.006913291658732668e+00
5.105088062083413369e+00
5.203262832508094071e+00
5.301437602932774773e+00
5.399612373357455475e+00
5.497787143782136177e+00
5.595961914206816878e+00
5.694136684631497580e+00
5.792311455056178282e+00
5.890486225480858984e+00
5.988660995905539686e+00
6.086835766330220387e+00
6.185010536754901089e+00
6.283185307179581791e+00
9.817477042468103487e-02
1.963495408493620697e-01
2.945243112740431046e-01
3.926990816987241395e-01
4.908738521234051744e-01
5.890486225480862092e-01
6.872233929727672441e-01
7.853981633974482790e-01
8.835729338221293139e-01
9.817477042468103487e-01
1.079922474671491273e+00
1.178097245096172418e+00
1.276272015520853564e+00
1.374446785945534710e+00
1.472621556370215856e+00
1.570796326794897002e+00
1.668971097219578148e+00
1.767145867644259294e+00
1.865320638068940440e+00
1.963495408493621586e+00
2.061670178918302732e+00
2.159844949342983877e+00
2.258019719767665023e+00
2.356194490192346169e+00
2.454369260617027315e+00
2.552544031041708461e+00
2.650718801466389607e+00
2.748893571891070753e+00
2.847068342315751899e+00
2.945243112740433045e+00
3.043417883165114191e+00
3.141592653589795336e+00
3.239767424014476482e+00
3.337942194439157628e+00
3.436116964863838774e+00
3.534291735288519920e+00
3.632466505713201066e+00
3.730641276137882212e+00
3.828816046562563358e+00
3.926990816987244504e+00
4.025165587411925650e+00
4.123340357836606351e+00
4.221515128261287053e+00
4.319689898685967755e+00
4.417864669110648457e+00
4.516039439535329159e+00
4.614214209960009860e+00
4.712388980384690562e+00
4.810563750809371264e+00
4.908738521234051966e+00
5.006913291658732668e+00
5.105088062083413369e+00
5.203262832508094071e+00
5.301437602932774773e+00
5.399612373357455475e+00
5.497787143782136177e+00
5.595961914206816878e+00
5.694136684631497580e+00
5.792311455056178282e+00
5.890486225480858984e+00
5.988660995905539686e+00
6.086835766330220387e+00
6.185010536754901089e+00
6.283185307179581791e+00
9.817477042468103487e-02
1.963495408493620697e-01
2.945243112740431046e-01
3.926990816987241395e-01
4.908738521234051744e-01
5.890486225480862092e-01
6.872233929727672441e-01
7.853981633974482790e-01
8.835729338221293139e-01
9.817477042468103487e-01
1.079922474671491273e+00
1.178097245096172418e+00
1.276272015520853564e+00
1.374446785945534710e+00
1.472621556370215856e+00
1.570796326794897002e+00
1.668971097219578148e+00
1.767145867644259294e+00
1.865320638068940440e+00
1.963495408493621586e+00
2.061670178918302732e+00
2.159844949342983877e+00
2.258019719767665023e+00
2.356194490192346169e+00
2.454369260617027315e+00
2.552544031041708461e+00
2.650718801466389607e+00
2.748893571891070753e+00
2.847068342315751899e+00
2.945243112740433045e+00
3.043417883165114191e+00
3.141592653589795336e+00
3.239767424014476482e+00
3.337942194439157628e+00
3.436116964863838774e+00
3.534291735288519920e+00
3.632466505713201066e+00
3.730641276137882212e+00
3.828816046562563358e+00
3.926990816987244504e+00
4.025165587411925650e+00
4.123340357836606351e+00
4.221515128261287053e+00
4.319689898685967755e+00
4.417864669110648457e+00
4.516039439535329159e+00
4.614214209960009860e+00
4.712388980384690562e+00
4.810563750809371264e+00
4.908738521234051966e+00
5.006913291658732668e+00
5.105088062083413369e+00
5.203262832508094071e+00
5.301437602932774773e+00
5.399612373357455475e+00
5.497787143782136177e+00
5.595961914206816878e+00
5.694136684631497580e+00
5.792311455056178282e+00
5.890486225480858984e+00
5.988660995905539686e+00
6.086835766330220387e+00
6.185010536754901089e+00
6.283185307179581791e+00
9.817477042468103487e-02
1.963495408493620697e-01
2.945243112740431046e-01
3.926990816987241395e-01
4.908738521234051744e-01
5.890486225480862092e-01
6.872233929727672441e-01
7.853981633974482790e-01
8.835729338221293139e-01
9.817477042468103487e-01
1.079922474671491273e+00
1.178097245096172418e+00
1.276272015520853564e+00
1.374446785945534710e+00
1.472621556370215856e+00
1.570796326794897002e+00
1.668971097219578148e+00
1.767145867644259294e+00
1.865320638068940440e+00
1.963495408493621586e+00
2.061670178918302732e+00
2.159844949342983877e+00
2.258019719767665023e+00
2.356194490192346169e+00
2.454369260617027315e+00
2.552544031041708461e+00
2.650718801466389607e+00
2.748893571891070753e+00
2.847068342315751899e+00
2.945243112740433045e+00
3.043417883165114191e+00
3.141592653589795336e+00
3.239767424014476482e+00
3.337942194439157628e+00
3.436116964863838774e+00
3.534291735288519920e+00
3.632466505713201066e+00
3.730641276137882212e+00
3.828816046562563358e+00
3.926990816987244504e+00
4.025165587411925650e+00
4.123340357836606351e+00
4.221515128261287053e+00
4.319689898685967755e+00
4.417864669110648457e+00
4.516039439535329159e+00
4.614214209960009860e+00
4.712388980384690562e+00
4.810563750809371264e+00
4.908738521234051966e+00
5.006913291658732668e+00
5.105088062083413369e+00
5.203262832508094071e+00
5.301437602932774773e+00
5.399612373357455475e+00
5.497787143782136177e+00
5.595961914206816878e+00
5.694136684631497580e+00
5.792311455056178282e+00
5.890486225480858984e+00
5.988660995905539686e+00
6.086835766330220387e+00
6.185010536754901089e+00
6.283185307179581791e+00
9.817477042468103487e-02
1.963495408493620697e-01
2.945243112740431046e-01
3.926990816987241395e-01
4.908738521234051744e-01
5.890486225480862092e-01
6.872233929727672441e-01
7.853981633974482790e-01
8.835729338221293139e-01
9.817477042468103487e-01
1.079922474671491273e+00
1.178097245096172418e+00
1.276272015520853564e+00
1.374446785945534710e+00
1.472621556370215856e+00
1.570796326794897002e+00
1.668971097219578148e+00
1.767145867644259294e+00
1.865320638068940440e+00
1.963495408493621586e+00
2.061670178918302732e+00
2.159844949342983877e+00
2.258019719767665023e+00
2.356194490192346169e+00
2.454369260617027315e+00
2.552544031041708461e+00
2.650718801466389607e+00
2.748893571891070753e+00
2.847068342315751899e+00
2.945243112740433045e+00
3.043417883165114191e+00
3.141592653589795336e+00
3.239767424014476482e+00
3.337942194439157628e+00
3.436116964863838774e+00
3.534291735288519920e+00
3.632466505713201066e+00
3.730641276137882212e+00
3.828816046562563358e+00
3.926990816987244504e+00
4.025165587411925650e+00
4.123340357836606351e+00
4.221515128261287053e+00
4.319689898685967755e+00
4.417864669110648457e+00
4.516039439535329159e+00
4.614214209960009860e+00
4.712388980384690562e+00
4.810563750809371264e+00
4.908738521234051966e+00
5.006913291658732668e+00
5.105088062083413369e+00
5.203262832508094071e+00
5.301437602932774773e+00
5.399612373357455475e+00
5.497787143782136177e+00
5.595961914206816878e+00
5.694136684631497580e+00
5.792311455056178282e+00
5.890486225480858984e+00
5.988660995905539686e+00
6.086835766330220387e+00
6.185010536754901089e+00
6.283185307179581791e+00
9.817477042468103487e-02
1.963495408493620697e-01
2.945243112740431046e-01
3.926990816987241395e-01
4.908738521234051744e-01
5.890486225480862092e-01
6.872233929727672441e-01
7.853981633974482790e-01
8.835729338221293139e-01
9.817477042468103487e-01
1.079922474671491273e+00
1.178097245096172418e+00
1.276272015520853564e+00
1.374446785945534710e+00
1.472621556370215856e+00
1.570796326794897002e+00
1.668971097219578148e+00
1.767145867644259294e+00
1.865320638068940440e+00
1.963495408493621586e+00
2.061670178918302732e+00
2.159844949342983877e+00
2.258019719767665023e+00
2.356194490192346169e+00
2.454369260617027315e+00
2.552544031041708461e+00
2.650718801466389607e+00
2.748893571891070753e+00
2.847068342315751899e+00
2.945243112740433045e+00
3.043417883165114191e+00
3.141592653589795336e+00
3.239767424014476482e+00
3.337942194439157628e+00
3.436116964863838774e+00
3.534291735288519920e+00
3.632466505713201066e+00
3.730641276137882212e+00
3.828816046562563358e+00
3.926990816987244504e+00
4.025165587411925650e+00
4.123340357836606351e+00
4.221515128261287053e+00
4.319689898685967755e+00
4.417864669110648457e+00
4.516039439535329159e+00
4.614214209960009860e+00
4.712388980384690562e+00
4.810563750809371264e+00
4.908738521234051966e+00
5.006913291658732668e+00
5.105088062083413369e+00
5.203262832508094071e+00
5.301437602932774773e+00
5.399612373357455475e+00
5.497787143782136177e+00
5.595961914206816878e+00
5.694136684631497580e+00
5.792311455056178282e+00
5.890486225480858984e+00
5.988660995905539686e+00
6.086835766330220387e+00
6.185010536754901089e+00
6.283185307179581791e+00
9.817477042468103487e-02
1.963495408493620697e-01
2.945243112740431046e-01
3.926990816987241395e-01
4.908738521234051744e-01
5.890486225480862092e-01
6.872233929727672441e-01
7.853981633974482790e-01
8.835729338221293139e-01
9.817477042468103487e-01
1.079922474671491273e+00
1.178097245096172418e+00
1.276272015520853564e+00
1.374446785945534710e+00
1.472621556370215856e+00
1.570796326794897002e+00
1.668971097219578148e+00
1.767145867644259294e+00
1.865320638068940440e+00
1.963495408493621586e+00
2.061670178918302732e+00
2.159844949342983877e+00
2.258019719767665023e+00
2.356194490192346169e+00
2.454369260617027315e+00
2.552544031041708461e+00
2.650718801466389607e+00
2.748893571891070753e+00
2.847068342315751899e+00
2.945243112740433045e+00
3.043417883165114191e+00
3.141592653589795336e+00
3.239767424014476482e+00
3.337942194439157628e+00
3.436116964863838774e+00
3.534291735288519920e+00
3.632466505713201066e+00
3.730641276137882212e+00
3.828816046562563358e+00
3.926990816987244504e+00
4.025165587411925650e+00
4.123340357836606351e+00
4.221515128261287053e+00
4.319689898685967755e+00
4.417864669110648457e+00
4.516039439535329159e+00
4.614214209960009860e+00
4.712388980384690562e+00
4.810563750809371264e+00
4.908738521234051966e+00
5.006913291658732668e+00
5.105088062083413369e+00
5.203262832508094071e+00
5.301437602932774773e+00
5.399612373357455475e+00
5.497787143782136177e+00
5.595961914206816878e+00
5.694136684631497580e+00
5.792311455056178282e+00
5.890486225480858984e+00
5.988660995905539686e+00
6.086835766330220387e+00
6.185010536754901089e+00
6.283185307179581791e+00
